iterative_pi : 3.141592653589793238462643383279502884197169399375105820974944592307816406286208998628034825342117067
recursive_pi : 3.141592653589793238462643383279502884197169399375105820974944592307816406286208998628034825342117067
avg_time_iterative : 11463909
avg_time_recursive : 3346523
num_iterations : 100
